cosTable_small:
	.db  64, 64, 64, 64, 64, 64, 63, 63, 63, 62, 62, 62, 61, 61, 60, 60
	.db  59, 59, 58, 57, 56, 56, 55, 54, 53, 52, 51, 50, 49, 48, 47, 46
	.db  45, 44, 43, 42, 41, 39, 38, 37, 36, 34, 33, 32, 30, 29, 27, 26
	.db  24, 23, 22, 20, 19, 17, 16, 14, 12, 11,  9,  8,  6,  5,  3,  2
	.db   0, -2, -3, -5, -6, -8, -9,-11,-12,-14,-16,-17,-19,-20,-22,-23
	.db -24,-26,-27,-29,-30,-32,-33,-34,-36,-37,-38,-39,-41,-42,-43,-44
	.db -45,-46,-47,-48,-49,-50,-51,-52,-53,-54,-55,-56,-56,-57,-58,-59
	.db -59,-60,-60,-61,-61,-62,-62,-62,-63,-63,-63,-64,-64,-64,-64,-64
	.db -64,-64,-64,-64,-64,-64,-63,-63,-63,-62,-62,-62,-61,-61,-60,-60
	.db -59,-59,-58,-57,-56,-56,-55,-54,-53,-52,-51,-50,-49,-48,-47,-46
	.db -45,-44,-43,-42,-41,-39,-38,-37,-36,-34,-33,-32,-30,-29,-27,-26
	.db -24,-23,-22,-20,-19,-17,-16,-14,-12,-11, -9, -8, -6, -5, -3, -2
	.db   0,  2,  3,  5,  6,  8,  9, 11, 12, 14, 16, 17, 19, 20, 22, 23
	.db  24, 26, 27, 29, 30, 32, 33, 34, 36, 37, 38, 39, 41, 42, 43, 44
	.db  45, 46, 47, 48, 49, 50, 51, 52, 53, 54, 55, 56, 56, 57, 58, 59
	.db  59, 60, 60, 61, 61, 62, 62, 62, 63, 63, 63, 64, 64, 64, 64, 64
sinTable_small:
	.db   0,  2,  3,  5,  6,  8,  9, 11, 12, 14, 16, 17, 19, 20, 22, 23
	.db  24, 26, 27, 29, 30, 32, 33, 34, 36, 37, 38, 39, 41, 42, 43, 44
	.db  45, 46, 47, 48, 49, 50, 51, 52, 53, 54, 55, 56, 56, 57, 58, 59
	.db  59, 60, 60, 61, 61, 62, 62, 62, 63, 63, 63, 64, 64, 64, 64, 64
	.db  64, 64, 64, 64, 64, 64, 63, 63, 63, 62, 62, 62, 61, 61, 60, 60
	.db  59, 59, 58, 57, 56, 56, 55, 54, 53, 52, 51, 50, 49, 48, 47, 46
	.db  45, 44, 43, 42, 41, 39, 38, 37, 36, 34, 33, 32, 30, 29, 27, 26
	.db  24, 23, 22, 20, 19, 17, 16, 14, 12, 11,  9,  8,  6,  5,  3,  2
	.db   0, -2, -3, -5, -6, -8, -9,-11,-12,-14,-16,-17,-19,-20,-22,-23
	.db -24,-26,-27,-29,-30,-32,-33,-34,-36,-37,-38,-39,-41,-42,-43,-44
	.db -45,-46,-47,-48,-49,-50,-51,-52,-53,-54,-55,-56,-56,-57,-58,-59
	.db -59,-60,-60,-61,-61,-62,-62,-62,-63,-63,-63,-64,-64,-64,-64,-64
	.db -64,-64,-64,-64,-64,-64,-63,-63,-63,-62,-62,-62,-61,-61,-60,-60
	.db -59,-59,-58,-57,-56,-56,-55,-54,-53,-52,-51,-50,-49,-48,-47,-46
	.db -45,-44,-43,-42,-41,-39,-38,-37,-36,-34,-33,-32,-30,-29,-27,-26
	.db -24,-23,-22,-20,-19,-17,-16,-14,-12,-11, -9, -8, -6, -5, -3, -2
divTable:
	.db  70, 70, 69, 69, 69, 69, 68, 68, 68, 68, 67, 67, 67, 67, 66, 66
	.db  66, 66, 65, 65, 65, 65, 64, 64, 64, 64, 64, 63, 63, 63, 63, 62
	.db  62, 62, 62, 62, 61, 61, 61, 61, 61, 60, 60, 60, 60, 60, 59, 59
	.db  59, 59, 59, 58, 58, 58, 58, 58, 57, 57, 57, 57, 57, 57, 56, 56
	.db  56, 56, 56, 55, 55, 55, 55, 55, 55, 54, 54, 54, 54, 54, 54, 53
	.db  53, 53, 53, 53, 53, 53, 52, 52, 52, 52, 52, 52, 51, 51, 51, 51
	.db  51, 51, 51, 50, 50, 50, 50, 50, 50, 50, 50, 49, 49, 49, 49, 49
	.db  49, 49, 48, 48, 48, 48, 48, 48, 48, 48, 47, 47, 47, 47, 47, 47
	.db 140,139,138,137,136,135,134,133,132,131,130,129,128,127,126,125
	.db 124,124,123,122,121,120,119,119,118,117,116,116,115,114,113,113
	.db 112,111,111,110,109,109,108,107,107,106,105,105,104,104,103,102
	.db 102,101,101,100,100, 99, 98, 98, 97, 97, 96, 96, 95, 95, 94, 94
	.db  93, 93, 92, 92, 91, 91, 91, 90, 90, 89, 89, 88, 88, 87, 87, 87
	.db  86, 86, 85, 85, 85, 84, 84, 83, 83, 83, 82, 82, 81, 81, 81, 80
	.db  80, 80, 79, 79, 79, 78, 78, 78, 77, 77, 77, 76, 76, 76, 75, 75
	.db  75, 74, 74, 74, 73, 73, 73, 73, 72, 72, 72, 71, 71, 71, 71, 70
mulTable:
	.db $00,$00,$00,$00,$00,$00,$00,$00,$00,$00,$00,$00,$01,$01,$01,$01
	.db $01,$01,$01,$01,$02,$02,$02,$02,$02,$02,$03,$03,$03,$03,$04,$04
	.db $04,$04,$05,$05,$05,$05,$06,$06,$06,$07,$07,$07,$08,$08,$08,$09
	.db $09,$09,$0a,$0a,$0b,$0b,$0b,$0c,$0c,$0d,$0d,$0e,$0e,$0f,$0f,$10
	.db $10,$11,$11,$12,$12,$13,$13,$14,$14,$15,$15,$16,$17,$17,$18,$18
	.db $19,$1a,$1a,$1b,$1c,$1c,$1d,$1e,$1e,$1f,$20,$20,$21,$22,$23,$23
	.db $24,$25,$26,$26,$27,$28,$29,$29,$2a,$2b,$2c,$2d,$2e,$2e,$2f,$30
	.db $31,$32,$33,$34,$35,$35,$36,$37,$38,$39,$3a,$3b,$3c,$3d,$3e,$3f
	.db $40,$3f,$3e,$3d,$3c,$3b,$3a,$39,$38,$37,$36,$35,$35,$34,$33,$32
	.db $31,$30,$2f,$2e,$2e,$2d,$2c,$2b,$2a,$29,$29,$28,$27,$26,$26,$25
	.db $24,$23,$23,$22,$21,$20,$20,$1f,$1e,$1e,$1d,$1c,$1c,$1b,$1a,$1a
	.db $19,$18,$18,$17,$17,$16,$15,$15,$14,$14,$13,$13,$12,$12,$11,$11
	.db $10,$10,$0f,$0f,$0e,$0e,$0d,$0d,$0c,$0c,$0b,$0b,$0b,$0a,$0a,$09
	.db $09,$09,$08,$08,$08,$07,$07,$07,$06,$06,$06,$05,$05,$05,$05,$04
	.db $04,$04,$04,$03,$03,$03,$03,$02,$02,$02,$02,$02,$02,$01,$01,$01
	.db $01,$01,$01,$01,$01,$00,$00,$00,$00,$00,$00,$00,$00,$00,$00,$00
	.db $00,$00,$00,$00,$00,$00,$00,$00,$00,$00,$00,$00,$01,$01,$01,$01
	.db $01,$01,$01,$01,$02,$02,$02,$02,$02,$02,$03,$03,$03,$03,$04,$04
	.db $04,$04,$05,$05,$05,$05,$06,$06,$06,$07,$07,$07,$08,$08,$08,$09
	.db $09,$09,$0a,$0a,$0b,$0b,$0b,$0c,$0c,$0d,$0d,$0e,$0e,$0f,$0f,$10
	.db $10,$11,$11,$12,$12,$13,$13,$14,$14,$15,$15,$16,$17,$17,$18,$18
	.db $19,$1a,$1a,$1b,$1c,$1c,$1d,$1e,$1e,$1f,$20,$20,$21,$22,$23,$23
	.db $24,$25,$26,$26,$27,$28,$29,$29,$2a,$2b,$2c,$2d,$2e,$2e,$2f,$30
	.db $31,$32,$33,$34,$35,$35,$36,$37,$38,$39,$3a,$3b,$3c,$3d,$3e,$3f
	.db $40,$3f,$3e,$3d,$3c,$3b,$3a,$39,$38,$37,$36,$35,$35,$34,$33,$32
	.db $31,$30,$2f,$2e,$2e,$2d,$2c,$2b,$2a,$29,$29,$28,$27,$26,$26,$25
	.db $24,$23,$23,$22,$21,$20,$20,$1f,$1e,$1e,$1d,$1c,$1c,$1b,$1a,$1a
	.db $19,$18,$18,$17,$17,$16,$15,$15,$14,$14,$13,$13,$12,$12,$11,$11
	.db $10,$10,$0f,$0f,$0e,$0e,$0d,$0d,$0c,$0c,$0b,$0b,$0b,$0a,$0a,$09
	.db $09,$09,$08,$08,$08,$07,$07,$07,$06,$06,$06,$05,$05,$05,$05,$04
	.db $04,$04,$04,$03,$03,$03,$03,$02,$02,$02,$02,$02,$02,$01,$01,$01
	.db $01,$01,$01,$01,$01,$00,$00,$00,$00,$00,$00,$00,$00,$00,$00,$00
